0.2004008016032064
15.030060120240481
0.2004008016032064
14.629258517034069
0.2004008016032064
17.034068136272545
0.2004008016032064
13.627254509018035
0.2004008016032064
12.424849699398797
0.2004008016032064
15.230460921843688
0.2004008016032064
10.220440881763528
0.2004008016032064
13.627254509018035
0.2004008016032064
11.22244488977956
0.2004008016032064
9.619238476953909
0.2004008016032064
14.02805611222445
0.2004008016032064
13.827655310621243
0.2004008016032064
13.026052104208416
0.2004008016032064
11.623246492985972
0.2004008016032064
11.022044088176353
0.2004008016032064
8.817635270541082
0.2004008016032064
10.821643286573146
0.2004008016032064
12.625250501002002
0.2004008016032064
8.817635270541082
0.2004008016032064
11.422845691382765
0.2004008016032064
11.823647294589177
0.2004008016032064
9.218436873747494
0.2004008016032064
11.823647294589177
0.2004008016032064
10.821643286573146
0.2004008016032064
7.8156312625250495
0.2004008016032064
12.625250501002002
0.2004008016032064
11.422845691382765
0.2004008016032064
10.62124248496994
0.2004008016032064
8.216432865731463
0.2004008016032064
9.01803607214429
0.2004008016032064
8.817635270541082
0.2004008016032064
10.821643286573146
0.2004008016032064
13.226452905811623
0.2004008016032064
9.819639278557114
0.2004008016032064
6.613226452905812
0.2004008016032064
9.01803607214429
0.2004008016032064
8.216432865731463
0.2004008016032064
13.827655310621243
0.2004008016032064
10.62124248496994
0.2004008016032064
8.016032064128256
0.2004008016032064
14.228456913827655
0.2004008016032064
10.62124248496994
0.2004008016032064
11.022044088176353
0.2004008016032064
8.41683366733467
0.2004008016032064
11.022044088176353
0.2004008016032064
8.41683366733467
0.2004008016032064
7.414829659318638
0.2004008016032064
10.821643286573146
0.2004008016032064
7.615230460921844
0.2004008016032064
9.01803607214429
0.2004008016032064
9.01803607214429
0.2004008016032064
9.619238476953909
0.2004008016032064
9.01803607214429
0.2004008016032064
12.424849699398797
0.2004008016032064
8.817635270541082
0.2004008016032064
9.218436873747494
0.2004008016032064
9.418837675350701
0.2004008016032064
9.619238476953909
0.2004008016032064
8.016032064128256
0.2004008016032064
9.819639278557114
0.2004008016032064
8.817635270541082
0.2004008016032064
8.817635270541082
0.2004008016032064
11.422845691382765
0.2004008016032064
7.615230460921844
0.2004008016032064
7.414829659318638
0.2004008016032064
9.819639278557114
0.2004008016032064
10.62124248496994
0.2004008016032064
9.418837675350701
0.2004008016032064
10.220440881763528
0.2004008016032064
6.813627254509018
0.2004008016032064
9.418837675350701
0.2004008016032064
9.01803607214429
0.2004008016032064
9.01803607214429
0.2004008016032064
6.613226452905812
0.2004008016032064
9.218436873747494
0.2004008016032064
8.41683366733467
0.2004008016032064
7.8156312625250495
0.2004008016032064
12.024048096192384
0.2004008016032064
6.813627254509018
0.2004008016032064
10.62124248496994
0.2004008016032064
8.016032064128256
0.2004008016032064
7.014028056112225
0.2004008016032064
10.821643286573146
0.2004008016032064
6.813627254509018
0.2004008016032064
7.414829659318638
0.2004008016032064
9.218436873747494
0.2004008016032064
9.01803607214429
0.2004008016032064
10.821643286573146
0.2004008016032064
8.817635270541082
0.2004008016032064
10.02004008016032
0.2004008016032064
7.8156312625250495
0.2004008016032064
7.414829659318638
0.2004008016032064
9.819639278557114
0.2004008016032064
6.4128256513026045
0.2004008016032064
7.214428857715431
0.2004008016032064
8.617234468937877
0.2004008016032064
10.420841683366733
0.2004008016032064
8.216432865731463
0.2004008016032064
9.01803607214429
0.2004008016032064
5.01002004008016
0.2004008016032064
9.619238476953909
0.2004008016032064
9.01803607214429
0.2004008016032064
10.62124248496994
0.2004008016032064
9.619238476953909
0.2004008016032064
8.216432865731463
0.2004008016032064
8.617234468937877
0.2004008016032064
8.817635270541082
0.2004008016032064
10.220440881763528
0.2004008016032064
7.414829659318638
0.2004008016032064
7.014028056112225
0.2004008016032064
10.220440881763528
0.2004008016032064
7.414829659318638
0.2004008016032064
6.4128256513026045
0.2004008016032064
8.41683366733467
0.2004008016032064
5.210420841683367
0.2004008016032064
8.41683366733467
0.2004008016032064
8.216432865731463
0.2004008016032064
11.022044088176353
0.2004008016032064
8.617234468937877
0.2004008016032064
8.016032064128256
0.2004008016032064
8.016032064128256
0.2004008016032064
8.817635270541082
0.2004008016032064
11.22244488977956
0.2004008016032064
7.8156312625250495
0.2004008016032064
8.617234468937877
0.2004008016032064
8.016032064128256
0.2004008016032064
6.4128256513026045
0.2004008016032064
8.016032064128256
0.2004008016032064
6.613226452905812
0.2004008016032064
7.615230460921844
0.2004008016032064
9.218436873747494
0.2004008016032064
9.619238476953909
0.2004008016032064
10.220440881763528
0.2004008016032064
7.615230460921844
0.2004008016032064
7.615230460921844
0.2004008016032064
6.012024048096192
0.2004008016032064
6.212424849699398
0.2004008016032064
10.02004008016032
0.2004008016032064
4.809619238476954
0.2004008016032064
8.016032064128256
0.2004008016032064
9.01803607214429
0.2004008016032064
5.811623246492986
0.2004008016032064
10.02004008016032
0.2004008016032064
10.02004008016032
0.2004008016032064
7.214428857715431
0.2004008016032064
11.22244488977956
0.2004008016032064
8.216432865731463
0.2004008016032064
10.02004008016032
0.2004008016032064
6.4128256513026045
0.2004008016032064
7.014028056112225
0.2004008016032064
7.8156312625250495
0.2004008016032064
6.4128256513026045
0.2004008016032064
12.224448897795591
0.2004008016032064
6.813627254509018
0.2004008016032064
9.01803607214429
0.2004008016032064
7.8156312625250495
0.2004008016032064
8.617234468937877
0.2004008016032064
9.218436873747494
0.2004008016032064
8.817635270541082
0.2004008016032064
6.212424849699398
0.2004008016032064
7.615230460921844
0.2004008016032064
7.014028056112225
0.2004008016032064
9.01803607214429
0.2004008016032064
8.216432865731463
0.2004008016032064
7.8156312625250495
0.2004008016032064
7.014028056112225
0.2004008016032064
7.8156312625250495
0.2004008016032064
12.024048096192384
0.2004008016032064
6.813627254509018
0.2004008016032064
6.4128256513026045
0.2004008016032064
8.016032064128256
0.2004008016032064
6.813627254509018
0.2004008016032064
9.218436873747494
0.2004008016032064
9.01803607214429
0.2004008016032064
6.4128256513026045
0.2004008016032064
9.218436873747494
0.2004008016032064
8.016032064128256
0.2004008016032064
6.4128256513026045
0.2004008016032064
7.615230460921844
0.2004008016032064
7.414829659318638
0.2004008016032064
8.617234468937877
0.2004008016032064
7.615230460921844
0.2004008016032064
7.414829659318638
0.2004008016032064
6.012024048096192
0.2004008016032064
8.817635270541082
0.2004008016032064
6.813627254509018
0.2004008016032064
7.014028056112225
0.2004008016032064
8.216432865731463
0.2004008016032064
7.014028056112225
0.2004008016032064
6.4128256513026045
0.2004008016032064
7.414829659318638
0.2004008016032064
6.813627254509018
0.2004008016032064
9.01803607214429
0.2004008016032064
7.014028056112225
0.2004008016032064
8.216432865731463
0.2004008016032064
7.414829659318638
0.2004008016032064
7.615230460921844
0.2004008016032064
10.02004008016032
0.2004008016032064
9.218436873747494
0.2004008016032064
5.210420841683367
0.2004008016032064
7.414829659318638
0.2004008016032064
8.216432865731463
0.2004008016032064
9.819639278557114
0.2004008016032064
6.613226452905812
0.2004008016032064
4.609218436873747
0.2004008016032064
9.418837675350701
0.2004008016032064
8.016032064128256
0.2004008016032064
8.617234468937877
0.2004008016032064
8.817635270541082
0.2004008016032064
7.615230460921844
0.2004008016032064
6.813627254509018
0.2004008016032064
7.615230460921844
0.2004008016032064
8.817635270541082
0.2004008016032064
7.615230460921844
0.2004008016032064
7.214428857715431
0.2004008016032064
8.216432865731463
0.2004008016032064
4.609218436873747
0.2004008016032064
7.214428857715431
0.2004008016032064
7.214428857715431
0.2004008016032064
6.613226452905812
0.2004008016032064
9.218436873747494
0.2004008016032064
7.8156312625250495
0.2004008016032064
9.01803607214429
0.2004008016032064
6.813627254509018
0.2004008016032064
7.014028056112225
0.2004008016032064
5.811623246492986
0.2004008016032064
5.01002004008016
0.2004008016032064
9.218436873747494
0.2004008016032064
6.813627254509018
0.2004008016032064
6.012024048096192
0.2004008016032064
8.41683366733467
0.2004008016032064
9.418837675350701
0.2004008016032064
9.619238476953909
0.2004008016032064
6.212424849699398
0.2004008016032064
7.214428857715431
0.2004008016032064
8.817635270541082
0.2004008016032064
8.216432865731463
0.2004008016032064
6.813627254509018
0.2004008016032064
8.41683366733467
0.2004008016032064
7.014028056112225
0.2004008016032064
6.813627254509018
0.2004008016032064
8.41683366733467
0.2004008016032064
9.01803607214429
0.2004008016032064
6.613226452905812
0.2004008016032064
8.016032064128256
0.2004008016032064
